route_id,service_id,trip_id,trip_headsign,direction_id,block_id,shape_id,wheelchair_accessible,bikes_allowed
1,10,554298,Rossmoor Via Walnut Creek BART,0,56725,46634,1,1
1,10,554299,Rossmoor Via Walnut Creek BART,0,56724,46634,1,1
1,10,554300,Rossmoor Via Walnut Creek BART,0,56725,46634,1,1
1,10,554301,Rossmoor Via Walnut Creek BART,0,56724,46634,1,1
1,10,554302,Rossmoor Via Walnut Creek BART,0,56725,46634,1,1
1,10,554303,Rossmoor Via Walnut Creek BART,0,56724,46634,1,1
1,10,554304,Rossmoor Via Walnut Creek BART,0,56725,46634,1,1
1,10,554305,Rossmoor Via Walnut Creek BART,0,57409,46634,1,1
1,10,554306,Rossmoor Via Walnut Creek BART,0,57407,46634,1,1
1,10,554307,Rossmoor Via Walnut Creek BART,0,57410,46634,1,1
1,10,554308,Rossmoor Via Walnut Creek BART,0,57407,46634,1,1
1,10,554309,Rossmoor Via Walnut Creek BART,0,57410,46634,1,1
1,10,554310,Rossmoor Via Walnut Creek BART,0,57408,46634,1,1
1,10,554311,Rossmoor Via Walnut Creek BART,0,57410,46634,1,1
1,10,554313,Shadelands Via Walnut Creek BART,1,56724,46635,1,1
1,10,554312,Shadelands Via Walnut Creek BART,1,56725,46635,1,1
1,10,554314,Shadelands Via Walnut Creek BART,1,56724,46635,1,1
1,10,554315,Shadelands Via Walnut Creek BART,1,56725,46635,1,1
1,10,554316,Shadelands Via Walnut Creek BART,1,56724,46635,1,1
1,10,554317,Shadelands Via Walnut Creek BART,1,56725,46635,1,1
1,10,554318,Shadelands Via Walnut Creek BART,1,57409,46635,1,1
1,10,554319,Shadelands Via Walnut Creek BART,1,57407,46635,1,1
1,10,554320,Shadelands Via Walnut Creek BART,1,57410,46635,1,1
1,10,554321,Shadelands Via Walnut Creek BART,1,57407,46635,1,1
1,10,554322,Shadelands Via Walnut Creek BART,1,57410,46635,1,1
1,10,554323,Shadelands Via Walnut Creek BART,1,57408,46635,1,1
1,10,554324,Shadelands Via Walnut Creek BART,1,57410,46635,1,1
1,10,554325,Shadelands Via Walnut Creek BART,1,57408,46635,1,1
10,10,559044,,0,57196,46636,1,1
10,10,559045,Clayton,0,57197,46637,1,1
10,10,559046,,0,57196,46636,1,1
10,10,559047,Clayton,0,57198,46637,1,1
10,10,559048,,0,57199,46636,1,1
10,10,559049,Clayton,0,57200,46637,1,1
10,10,559050,,0,57197,46636,1,1
10,10,559051,Clayton,0,57196,46637,1,1
10,10,559052,,0,57198,46636,1,1
10,10,559053,Clayton,0,57200,46637,1,1
10,10,559054,,0,57197,46636,1,1
10,10,559055,Clayton,0,57199,46637,1,1
10,10,559056,,0,57198,46636,1,1
10,10,559057,Clayton,0,57200,46637,1,1
10,10,559058,,0,57197,46636,1,1
10,10,559059,Clayton,0,57201,46637,1,1
10,10,559060,,0,57197,46636,1,1
10,10,559061,Clayton,0,57201,46637,1,1
10,10,559062,,0,57202,46636,1,1
10,10,559063,Clayton,0,57203,46637,1,1
10,10,559064,,0,57204,46636,1,1
10,10,559065,Clayton,0,57205,46637,1,1
10,10,559066,,0,57206,46636,1,1
10,10,559067,Clayton,0,57201,46637,1,1
10,10,559068,Clayton,0,57207,46637,1,1
10,10,559069,,0,57202,46636,1,1
10,10,559070,Clayton,0,57203,46637,1,1
10,10,559071,,0,57204,46636,1,1
10,10,559072,Clayton,0,57205,46637,1,1
10,10,559073,,0,57206,46636,1,1
10,10,559074,Clayton,0,56731,46637,1,1
10,10,559075,,0,57207,46636,1,1
10,10,559076,Clayton,0,57202,46637,1,1
10,10,559077,,0,57203,46636,1,1
10,10,559078,Clayton,0,57204,46637,1,1
10,10,559079,,0,57205,46636,1,1
10,10,559080,,0,57202,46636,1,1
10,10,559081,,0,57204,46636,1,1
10,10,559082,,0,57206,46636,1,1
10,10,559083,,0,56731,46636,1,1
10,10,559084,,0,57202,46636,1,1
10,10,559085,,0,57204,46636,1,1
10,10,559086,,0,57206,46636,1,1
10,10,559087,Concord BART ,1,57196,46638,1,1
10,10,559088,Concord BART ,1,57197,46639,1,1
10,10,559089,Concord BART ,1,57196,46638,1,1
10,10,559090,Concord BART ,1,57198,46639,1,1
10,10,559091,Concord BART ,1,57199,46638,1,1
10,10,559092,Concord BART ,1,57200,46639,1,1
10,10,559093,Concord BART ,1,57197,46638,1,1
10,10,559094,Concord BART ,1,57196,46639,1,1
10,10,559095,Concord BART ,1,57198,46638,1,1
10,10,559096,Concord BART ,1,57200,46639,1,1
10,10,559097,Concord BART ,1,57197,46638,1,1
10,10,559098,Concord BART ,1,57199,46639,1,1
10,10,559099,Concord BART ,1,57198,46638,1,1
10,10,559100,Concord BART ,1,57200,46639,1,1
10,10,559101,Concord BART ,1,57197,46638,1,1
10,10,559102,Concord BART ,1,57201,46639,1,1
10,10,559103,Concord BART ,1,57197,46638,1,1
10,10,559104,Concord BART ,1,57201,46639,1,1
10,10,559105,Concord BART ,1,57202,46638,1,1
10,10,559106,Concord BART ,1,57203,46639,1,1
10,10,559107,Concord BART ,1,57204,46638,1,1
10,10,559108,Concord BART ,1,57205,46639,1,1
10,10,559109,Concord BART ,1,57206,46638,1,1
10,10,559110,Concord BART ,1,57201,46639,1,1
10,10,559111,Concord BART ,1,57207,46639,1,1
10,10,559112,Concord BART ,1,57202,46638,1,1
10,10,559113,Concord BART ,1,57203,46639,1,1
10,10,559114,Concord BART ,1,57204,46638,1,1
10,10,559115,Concord BART ,1,57205,46639,1,1
10,10,559116,Concord BART ,1,57206,46638,1,1
10,10,559117,Concord BART ,1,56731,46639,1,1
10,10,559118,Concord BART ,1,57207,46638,1,1
10,10,559119,Concord BART ,1,57202,46639,1,1
10,10,559120,Concord BART ,1,57203,46638,1,1
10,10,559121,Concord BART ,1,57204,46639,1,1
10,10,559122,Concord BART ,1,57205,46638,1,1
10,10,559123,Concord BART ,1,57202,46638,1,1
10,10,559124,Concord BART ,1,57204,46638,1,1
10,10,559125,Concord BART ,1,57206,46638,1,1
10,10,559126,Concord BART ,1,56731,46638,1,1
10,10,559127,Concord BART ,1,57202,46638,1,1
10,10,559128,Concord BART ,1,57204,46638,1,1
10,10,559129,Concord BART ,1,57206,46638,1,1
11,10,554412,Concord BART ,0,56742,46640,1,1
11,10,554413,Concord BART ,0,56743,46640,1,1
11,10,554414,Concord BART ,0,56742,46640,1,1
11,10,554415,Concord BART ,0,56743,46640,1,1
11,10,554416,Concord BART ,0,56742,46640,1,1
11,10,554417,Concord BART ,0,56742,46640,1,1
11,10,554418,Concord BART ,0,57411,46640,1,1
11,10,554419,Concord BART ,0,57411,46640,1,1
11,10,554420,Concord BART ,0,57411,46640,1,1
11,10,554421,Concord BART ,0,57411,46640,1,1
11,10,554422,Concord BART ,0,56740,46640,1,1
11,10,554423,Concord BART ,0,56740,46640,1,1
11,10,554424,PH BART,1,56744,46641,1,1
11,10,554425,PH BART,1,56742,46641,1,1
11,10,554426,PH BART,1,56743,46641,1,1
11,10,554427,PH BART,1,56742,46641,1,1
11,10,554428,PH BART,1,56742,46641,1,1
11,10,554429,PH BART,1,56742,46641,1,1
11,10,554430,PH BART,1,57411,46641,1,1
11,10,554431,PH BART,1,57411,46641,1,1
11,10,554432,PH BART,1,57411,46641,1,1
11,10,554433,PH BART,1,56740,46641,1,1
11,10,554434,PH BART,1,57411,46641,1,1
11,10,554435,PH BART,1,56740,46641,1,1
11,10,554436,PH BART,1,56740,46641,1,1
14,10,554437,Walnut Creek BART Via PH BART,0,56750,46642,1,1
14,10,554438,Walnut Creek BART Via PH BART,0,56749,46642,1,1
14,10,554439,Walnut Creek BART Via PH BART,0,56752,46642,1,1
14,10,554440,Walnut Creek BART Via PH BART,0,56753,46642,1,1
14,10,554441,Walnut Creek BART Via PH BART,0,56750,46642,1,1
14,10,554442,Walnut Creek BART Via PH BART,0,56749,46642,1,1
14,10,554443,Walnut Creek BART Via PH BART,0,56752,46642,1,1
14,10,554444,Walnut Creek BART Via PH BART,0,56753,46642,1,1
14,10,554445,Walnut Creek BART Via PH BART,0,56750,46642,1,1
14,10,554446,Walnut Creek BART Via PH BART,0,56749,46642,1,1
14,10,554447,Walnut Creek BART Via PH BART,0,56752,46642,1,1
14,10,554448,Walnut Creek BART Via PH BART,0,57413,46642,1,1
14,10,554449,Walnut Creek BART Via PH BART,0,56750,46642,1,1
14,10,554450,Walnut Creek BART Via PH BART,0,56749,46642,1,1
14,10,554451,Walnut Creek BART Via PH BART,0,56752,46642,1,1
14,10,554452,Walnut Creek BART Via PH BART,0,57414,46642,1,1
14,10,554453,Walnut Creek BART Via PH BART,0,56750,46642,1,1
14,10,554454,Walnut Creek BART Via PH BART,0,56749,46642,1,1
14,10,554455,Walnut Creek BART Via PH BART,0,56752,46642,1,1
14,10,554456,Walnut Creek BART Via PH BART,0,57414,46642,1,1
14,10,554457,Walnut Creek BART Via PH BART,0,57412,46642,1,1
14,10,554458,Walnut Creek BART Via PH BART,0,57415,46642,1,1
14,10,554459,Walnut Creek BART Via PH BART,0,57416,46642,1,1
14,10,554460,Walnut Creek BART Via PH BART,0,57414,46642,1,1
14,10,554461,Walnut Creek BART Via PH BART,0,57412,46642,1,1
14,10,554462,Walnut Creek BART Via PH BART,0,57415,46642,1,1
14,10,554463,Walnut Creek BART Via PH BART,0,57416,46642,1,1
14,10,554464,Walnut Creek BART Via PH BART,0,57414,46642,1,1
14,10,554465,Walnut Creek BART Via PH BART,0,57412,46642,1,1
14,10,554466,Walnut Creek BART Via PH BART,0,57415,46642,1,1
14,10,554467,Concord BART Via PH BART,1,56753,46643,1,1
14,10,554468,Concord BART Via PH BART,1,56750,46643,1,1
14,10,554469,Concord BART Via PH BART,1,56749,46643,1,1
14,10,554470,Concord BART Via PH BART,1,56752,46643,1,1
14,10,554471,Concord BART Via PH BART,1,56753,46643,1,1
14,10,554472,Concord BART Via PH BART,1,56750,46643,1,1
14,10,554473,Concord BART Via PH BART,1,56749,46643,1,1
14,10,554474,Concord BART Via PH BART,1,56752,46643,1,1
14,10,554475,Concord BART Via PH BART,1,57413,46643,1,1
14,10,554476,Concord BART Via PH BART,1,56750,46643,1,1
14,10,554477,Concord BART Via PH BART,1,56749,46643,1,1
14,10,554478,Concord BART Via PH BART,1,56752,46643,1,1
14,10,554479,Concord BART Via PH BART,1,57414,46643,1,1
14,10,554480,Concord BART Via PH BART,1,56750,46643,1,1
14,10,554481,Concord BART Via PH BART,1,56749,46643,1,1
14,10,554482,Concord BART Via PH BART,1,56752,46643,1,1
14,10,554483,Concord BART Via PH BART,1,57414,46643,1,1
14,10,554484,Concord BART Via PH BART,1,57412,46643,1,1
14,10,554485,Concord BART Via PH BART,1,57415,46643,1,1
14,10,554486,Concord BART Via PH BART,1,57416,46643,1,1
14,10,554487,Concord BART Via PH BART,1,57414,46643,1,1
14,10,554488,Concord BART Via PH BART,1,57412,46643,1,1
14,10,554489,Concord BART Via PH BART,1,57415,46643,1,1
14,10,554490,Concord BART Via PH BART,1,57416,46643,1,1
14,10,554491,Concord BART Via PH BART,1,57414,46643,1,1
14,10,554492,Concord BART Via PH BART,1,57412,46643,1,1
14,10,554493,Concord BART Via PH BART,1,57415,46643,1,1
14,10,554494,Concord BART Via PH BART,1,57416,46643,1,1
14,10,554495,Concord BART Via PH BART,1,57414,46643,1,1
14,10,554496,Concord BART Via PH BART,1,57412,46643,1,1
14,10,554497,Concord BART Via PH BART,1,57415,46643,1,1
15,10,554498,Concord BART ,0,56756,46645,1,1
15,10,554511,Concord BART Via John Muir Med Ctr,0,56756,46644,1,1
15,10,554499,Concord BART ,0,56757,46645,1,1
15,10,554500,Concord BART ,0,56756,46645,1,1
15,10,554501,Concord BART ,0,56757,46645,1,1
15,10,554512,Concord BART Via John Muir Med Ctr,0,56757,46644,1,1
15,10,554502,Concord BART ,0,56756,46645,1,1
15,10,554513,Concord BART Via John Muir Med Ctr,0,56756,46644,1,1
15,10,554503,Concord BART ,0,57418,46645,1,1
15,10,554514,Concord BART Via John Muir Med Ctr,0,57418,46644,1,1
15,10,554504,Concord BART ,0,56756,46645,1,1
15,10,554515,Concord BART Via John Muir Med Ctr,0,56756,46644,1,1
15,10,554505,Concord BART ,0,57418,46645,1,1
15,10,554516,Concord BART Via John Muir Med Ctr,0,57418,46644,1,1
15,10,554506,Concord BART ,0,57417,46645,1,1
15,10,554517,Concord BART Via John Muir Med Ctr,0,57417,46644,1,1
15,10,554507,Concord BART ,0,57419,46645,1,1
15,10,554508,Concord BART ,0,57417,46645,1,1
15,10,554509,Concord BART ,0,57419,46645,1,1
15,10,554510,Concord BART ,0,57417,46645,1,1
15,10,554518,Concord BART Via John Muir Med Ctr,0,57417,46644,1,1
15,10,554519,Pleasant Hill BART,1,56757,46646,1,1
15,10,554520,Pleasant Hill BART,1,56756,46646,1,1
15,10,554521,Pleasant Hill BART,1,56757,46646,1,1
15,10,554522,Pleasant Hill BART,1,56756,46646,1,1
15,10,554523,Pleasant Hill BART,1,57418,46646,1,1
15,10,554524,Pleasant Hill BART,1,56756,46646,1,1
15,10,554525,Pleasant Hill BART,1,57418,46646,1,1
15,10,554526,Pleasant Hill BART,1,57417,46646,1,1
15,10,554527,Pleasant Hill BART,1,57418,46646,1,1
15,10,554528,Pleasant Hill BART,1,57417,46646,1,1
15,10,554529,Pleasant Hill BART,1,57419,46646,1,1
15,10,554530,Pleasant Hill BART,1,57417,46646,1,1
15,10,554531,Pleasant Hill BART,1,57419,46646,1,1
16,10,554532,Amtrak Via Downtown PH,0,56761,46647,1,1
16,10,554533,Amtrak Via Downtown PH,0,56763,46647,1,1
16,10,554534,Amtrak Via Downtown PH,0,56762,46647,1,1
16,10,554535,Amtrak Via Downtown PH,0,56761,46647,1,1
16,10,554536,Amtrak Via Downtown PH,0,56763,46647,1,1
16,10,554537,Amtrak Via Downtown PH,0,56762,46647,1,1
16,10,554538,Amtrak Via Downtown PH,0,56761,46647,1,1
16,10,554539,Amtrak Via Downtown PH,0,56763,46647,1,1
16,10,554540,Amtrak Via Downtown PH,0,56762,46647,1,1
16,10,554541,Amtrak Via Downtown PH,0,56761,46647,1,1
16,10,554542,Amtrak Via Downtown PH,0,57422,46647,1,1
16,10,554543,Amtrak Via Downtown PH,0,56762,46647,1,1
16,10,554544,Amtrak Via Downtown PH,0,56761,46647,1,1
16,10,554545,Amtrak Via Downtown PH,0,57422,46647,1,1
16,10,554546,Amtrak Via Downtown PH,0,57421,46647,1,1
16,10,554547,Amtrak Via Downtown PH,0,57420,46647,1,1
16,10,554548,Amtrak Via Downtown PH,0,57422,46647,1,1
16,10,554549,Amtrak Via Downtown PH,0,57421,46647,1,1
16,10,554550,Amtrak Via Downtown PH,0,57420,46647,1,1
16,10,554551,Amtrak Via Downtown PH,0,57422,46647,1,1
16,10,554552,Amtrak Via Downtown PH,0,57421,46647,1,1
16,10,554553,Amtrak Via Downtown PH,0,57420,46647,1,1
16,10,554555,Amtrak Via Downtown PH,0,57422,46647,1,1
16,10,554554,Amtrak Via Downtown PH,0,57421,46647,1,1
16,10,554556,Concord BART  Via Downtown PH,1,56762,46648,1,1
16,10,554557,Concord BART  Via Downtown PH,1,56761,46648,1,1
16,10,554558,Concord BART  Via Downtown PH,1,56763,46648,1,1
16,10,554559,Concord BART  Via Downtown PH,1,56762,46648,1,1
16,10,554560,Concord BART  Via Downtown PH,1,56761,46648,1,1
16,10,554561,Concord BART  Via Downtown PH,1,56763,46648,1,1
16,10,554562,Concord BART  Via Downtown PH,1,56762,46648,1,1
16,10,554563,Concord BART  Via Downtown PH,1,56761,46648,1,1
16,10,554564,Concord BART  Via Downtown PH,1,56763,46648,1,1
16,10,554565,Concord BART  Via Downtown PH,1,56762,46648,1,1
16,10,554566,Concord BART  Via Downtown PH,1,56761,46648,1,1
16,10,554567,Concord BART  Via Downtown PH,1,57422,46648,1,1
16,10,554568,Concord BART  Via Downtown PH,1,56762,46648,1,1
16,10,554569,Concord BART  Via Downtown PH,1,57420,46648,1,1
16,10,554570,Concord BART  Via Downtown PH,1,57422,46648,1,1
16,10,554571,Concord BART  Via Downtown PH,1,57421,46648,1,1
16,10,554572,Concord BART  Via Downtown PH,1,57420,46648,1,1
16,10,554573,Concord BART  Via Downtown PH,1,57422,46648,1,1
16,10,554574,Concord BART  Via Downtown PH,1,57421,46648,1,1
16,10,554575,Concord BART  Via Downtown PH,1,57420,46648,1,1
16,10,554576,Concord BART  Via Downtown PH,1,57422,46648,1,1
16,10,554577,Concord BART  Via Downtown PH,1,57421,46648,1,1
16,10,554578,Concord BART  Via Downtown PH,1,57420,46648,1,1
17,10,554579,N Concord BART John Muir Concord,0,56766,46649,1,1
17,10,554580,N Concord BART John Muir Concord,0,56766,46649,1,1
17,10,554581,N Concord BART John Muir Concord,0,56766,46649,1,1
17,10,554582,N Concord BART John Muir Concord,0,56766,46649,1,1
17,10,554583,N Concord BART John Muir Concord,0,56766,46649,1,1
17,10,554584,N Concord BART John Muir Concord,0,56766,46649,1,1
17,10,554585,N Concord BART John Muir Concord,0,56766,46649,1,1
17,10,554586,N Concord BART John Muir Concord,0,56766,46649,1,1
17,10,554587,N Concord BART John Muir Concord,0,56766,46649,1,1
17,10,554588,N Concord BART John Muir Concord,0,57423,46649,1,1
17,10,554589,N Concord BART John Muir Concord,0,57423,46649,1,1
17,10,554590,N Concord BART John Muir Concord,0,57423,46649,1,1
17,10,554591,N Concord BART John Muir Concord,0,57423,46649,1,1
17,10,554592,Concord BART John Muir Concord,1,56766,46650,1,1
17,10,554593,Concord BART John Muir Concord,1,56766,46650,1,1
17,10,554594,Concord BART John Muir Concord,1,56766,46650,1,1
17,10,554595,Concord BART John Muir Concord,1,56766,46650,1,1
17,10,554596,Concord BART John Muir Concord,1,56766,46650,1,1
17,10,554597,Concord BART John Muir Concord,1,56766,46650,1,1
17,10,554598,Concord BART John Muir Concord,1,56766,46650,1,1
17,10,554599,Concord BART John Muir Concord,1,56766,46650,1,1
17,10,554600,Concord BART John Muir Concord,1,56766,46650,1,1
17,10,554601,Concord BART John Muir Concord,1,57423,46650,1,1
17,10,554602,Concord BART John Muir Concord,1,57423,46650,1,1
17,10,554603,Concord BART John Muir Concord,1,57423,46650,1,1
17,10,554604,Concord BART John Muir Concord,1,57423,46650,1,1
18,10,554605,PH BART,0,56769,46651,1,1
18,10,554606,PH BART,0,56770,46651,1,1
18,10,554607,PH BART,0,56769,46651,1,1
18,10,554608,PH BART,0,56770,46651,1,1
18,10,554609,PH BART,0,56769,46651,1,1
18,10,554610,PH BART,0,57425,46651,1,1
18,10,554611,PH BART,0,56769,46651,1,1
18,10,554612,PH BART,0,57425,46651,1,1
18,10,554613,PH BART,0,57424,46651,1,1
18,10,554614,PH BART,0,57425,46651,1,1
18,10,554615,PH BART,0,57424,46651,1,1
18,10,554616,Martinez Amtrak,1,56769,46652,1,1
18,10,554617,Martinez Amtrak,1,56770,46652,1,1
18,10,554618,Martinez Amtrak,1,56769,46652,1,1
18,10,554619,Martinez Amtrak,1,57425,46652,1,1
18,10,554620,Martinez Amtrak,1,56769,46652,1,1
18,10,554621,Martinez Amtrak,1,57425,46652,1,1
18,10,554622,Martinez Amtrak,1,57424,46652,1,1
18,10,554623,Martinez Amtrak,1,57425,46652,1,1
18,10,554624,Martinez Amtrak,1,57424,46652,1,1
18,10,554625,Martinez Amtrak,1,57425,46652,1,1
18,10,554626,Martinez Amtrak,1,57424,46652,1,1
19,10,554627,Concord BART ,0,56773,46653,1,1
19,10,554628,Concord BART ,0,56773,46653,1,1
19,10,554629,Concord BART ,0,56773,46653,1,1
19,10,554630,Concord BART ,0,57426,46653,1,1
19,10,554631,Concord BART ,0,57427,46653,1,1
19,10,554632,Concord BART ,0,57427,46653,1,1
19,10,554633,Concord BART ,0,57427,46653,1,1
19,10,554634,Concord BART ,0,57427,46653,1,1
19,10,554635,Martinez Amtrak,1,56773,46654,1,1
19,10,554636,Martinez Amtrak,1,56773,46654,1,1
19,10,554637,Martinez Amtrak,1,56773,46654,1,1
19,10,554638,Martinez Amtrak,1,57426,46654,1,1
19,10,554639,Martinez Amtrak,1,57427,46654,1,1
19,10,554640,Martinez Amtrak,1,57427,46654,1,1
19,10,554641,Martinez Amtrak,1,57427,46654,1,1
19,10,554642,Martinez Amtrak,1,57427,46654,1,1
19,10,554643,Martinez Amtrak,1,57427,46654,1,1
20,10,559130,Concord BART ,0,57198,46655,1,1
20,10,559131,Concord BART ,0,57200,46655,1,1
20,10,559132,Concord BART ,0,57199,46655,1,1
20,10,559133,Concord BART ,0,57197,46655,1,1
20,10,559134,Concord BART ,0,57200,46655,1,1
20,10,559135,Concord BART ,0,57196,46655,1,1
20,10,559136,Concord BART ,0,57197,46655,1,1
20,10,559137,Concord BART ,0,57198,46655,1,1
20,10,559138,Concord BART ,0,57196,46655,1,1
20,10,559139,Concord BART ,0,57199,46655,1,1
20,10,559140,Concord BART ,0,57198,46655,1,1
20,10,559141,Concord BART ,0,57200,46655,1,1
20,10,559142,Concord BART ,0,57199,46655,1,1
20,10,559143,Concord BART ,0,56774,46655,1,1
20,10,559144,Concord BART ,0,57197,46655,1,1
20,10,559145,Concord BART ,0,57199,46655,1,1
20,10,559146,Concord BART ,0,57198,46655,1,1
20,10,559147,Concord BART ,0,57200,46655,1,1
20,10,559148,Concord BART ,0,57197,46655,1,1
20,10,559149,Concord BART ,0,57199,46655,1,1
20,10,559150,Concord BART ,0,57198,46655,1,1
20,10,559151,Concord BART ,0,57204,46655,1,1
20,10,559152,Concord BART ,0,57199,46655,1,1
20,10,559153,Concord BART ,0,57200,46655,1,1
20,10,559154,Concord BART ,0,57204,46655,1,1
20,10,559155,Concord BART ,0,57199,46655,1,1
20,10,559156,Concord BART ,0,57206,46655,1,1
20,10,559157,Concord BART ,0,57204,46655,1,1
20,10,559158,Concord BART ,0,57199,46655,1,1
20,10,559159,Concord BART ,0,57206,46655,1,1
20,10,559160,Concord BART ,0,57201,46655,1,1
20,10,559161,Concord BART ,0,57207,46655,1,1
20,10,559162,Concord BART ,0,57202,46655,1,1
20,10,559163,Concord BART ,0,57203,46655,1,1
20,10,559164,Concord BART ,0,57204,46655,1,1
20,10,559165,Concord BART ,0,57205,46655,1,1
20,10,559166,Concord BART ,0,57206,46655,1,1
20,10,559167,Concord BART ,0,56731,46655,1,1
20,10,559168,Concord BART ,0,57207,46655,1,1
20,10,559169,Concord BART ,0,57202,46655,1,1
20,10,559170,Concord BART ,0,57203,46655,1,1
20,10,559171,Concord BART ,0,57204,46655,1,1
20,10,559172,Concord BART ,0,57205,46655,1,1
20,10,559173,Concord BART ,0,57206,46655,1,1
20,10,559174,Concord BART ,0,56731,46655,1,1
20,10,559175,Concord BART ,0,57206,46655,1,1
20,10,559176,Concord BART ,0,56731,46655,1,1
20,10,559177,Concord BART ,0,57202,46655,1,1
20,10,559178,Concord BART ,0,57204,46655,1,1
20,10,559179,Concord BART ,0,57206,46655,1,1
20,10,559180,Concord BART ,0,56731,46655,1,1
20,10,559181,Concord BART ,0,57202,46655,1,1
20,10,559182,DVC,1,57197,46656,1,1
20,10,559183,DVC,1,57200,46656,1,1
20,10,559184,DVC,1,57196,46656,1,1
20,10,559185,DVC,1,57197,46656,1,1
20,10,559186,DVC,1,57198,46656,1,1
20,10,559187,DVC,1,57196,46656,1,1
20,10,559188,DVC,1,57199,46656,1,1
20,10,559189,DVC,1,57198,46656,1,1
20,10,559190,DVC,1,57200,46656,1,1
20,10,559191,DVC,1,57199,46656,1,1
20,10,559192,DVC,1,57197,46656,1,1
20,10,559193,DVC,1,56743,46656,1,1
20,10,559194,DVC,1,57196,46656,1,1
20,10,559195,DVC,1,57199,46656,1,1
20,10,559196,DVC,1,57198,46656,1,1
20,10,559197,DVC,1,57200,46656,1,1
20,10,559198,DVC,1,57197,46656,1,1
20,10,559199,DVC,1,57199,46656,1,1
20,10,559200,DVC,1,57198,46656,1,1
20,10,559201,DVC,1,57199,46656,1,1
20,10,559202,DVC,1,57200,46656,1,1
20,10,559203,DVC,1,57204,46656,1,1
20,10,559204,DVC,1,57199,46656,1,1
20,10,559205,DVC,1,57206,46656,1,1
20,10,559206,DVC,1,57204,46656,1,1
20,10,559207,DVC,1,57199,46656,1,1
20,10,559208,DVC,1,57206,46656,1,1
20,10,559209,DVC,1,57201,46656,1,1
20,10,559210,DVC,1,57207,46656,1,1
20,10,559211,DVC,1,57202,46656,1,1
20,10,559212,DVC,1,57203,46656,1,1
20,10,559213,DVC,1,57204,46656,1,1
20,10,559214,DVC,1,57205,46656,1,1
20,10,559215,DVC,1,57206,46656,1,1
20,10,559216,DVC,1,56731,46656,1,1
20,10,559217,DVC,1,57207,46656,1,1
20,10,559218,DVC,1,57202,46656,1,1
20,10,559219,DVC,1,57203,46656,1,1
20,10,559220,DVC,1,57204,46656,1,1
20,10,559221,DVC,1,57205,46656,1,1
20,10,559222,DVC,1,57206,46656,1,1
20,10,559223,DVC,1,56731,46656,1,1
20,10,559224,DVC,1,57206,46656,1,1
20,10,559225,DVC,1,56731,46656,1,1
20,10,559226,DVC,1,57202,46656,1,1
20,10,559227,DVC,1,57204,46656,1,1
20,10,559228,DVC,1,57206,46656,1,1
20,10,559229,DVC,1,56731,46656,1,1
20,10,559230,DVC,1,57202,46656,1,1
21,10,554749,San Ramon TC,0,56780,46657,1,1
21,10,554765,San Ramon TC,0,56777,46657,1,1
21,10,554750,San Ramon TC,0,56781,46657,1,1
21,10,554766,San Ramon TC,0,56744,46657,1,1
21,10,554751,San Ramon TC,0,56780,46657,1,1
21,10,554767,San Ramon TC,0,56777,46657,1,1
21,10,554752,San Ramon TC,0,56781,46657,1,1
21,10,554768,San Ramon TC,0,56744,46657,1,1
21,10,554753,San Ramon TC,0,56780,46657,1,1
21,10,554754,San Ramon TC,0,57428,46657,1,1
21,10,554755,San Ramon TC,0,56780,46657,1,1
21,10,554756,San Ramon TC,0,57429,46657,1,1
21,10,554757,San Ramon TC,0,57432,46657,1,1
21,10,554769,San Ramon TC,0,56775,46657,1,1
21,10,554758,San Ramon TC,0,57430,46657,1,1
21,10,554770,San Ramon TC,0,56776,46657,1,1
21,10,554759,San Ramon TC,0,57433,46657,1,1
21,10,554771,San Ramon TC,0,56775,46657,1,1
21,10,554760,San Ramon TC,0,57430,46657,1,1
21,10,554772,San Ramon TC,0,56776,46657,1,1
21,10,554761,San Ramon TC,0,57433,46657,1,1
21,10,554773,San Ramon TC,0,57434,46657,1,1
21,10,554762,San Ramon TC,0,57430,46657,1,1
21,10,554763,San Ramon TC,0,57433,46657,1,1
21,10,554764,San Ramon TC,0,57430,46657,1,1
21,10,554774,Walnut Creek BART,1,56780,46658,1,1
21,10,554789,Walnut Creek BART,1,56777,46658,1,1
21,10,554775,Walnut Creek BART,1,56781,46658,1,1
21,10,554790,Walnut Creek BART,1,56744,46658,1,1
21,10,554776,Walnut Creek BART,1,56780,46658,1,1
21,10,554791,Walnut Creek BART,1,56777,46658,1,1
21,10,554777,Walnut Creek BART,1,57428,46658,1,1
21,10,554792,Walnut Creek BART,1,56744,46658,1,1
21,10,554778,Walnut Creek BART,1,56780,46658,1,1
21,10,554779,Walnut Creek BART,1,57428,46658,1,1
21,10,554780,Walnut Creek BART,1,57431,46658,1,1
21,10,554781,Walnut Creek BART,1,57430,46658,1,1
21,10,554782,Walnut Creek BART,1,57433,46658,1,1
21,10,554793,Walnut Creek BART,1,56775,46658,1,1
21,10,554783,Walnut Creek BART,1,57430,46658,1,1
21,10,554794,Walnut Creek BART,1,56776,46658,1,1
21,10,554784,Walnut Creek BART,1,57433,46658,1,1
21,10,554795,Walnut Creek BART,1,56775,46658,1,1
21,10,554785,Walnut Creek BART,1,57430,46658,1,1
21,10,554796,Walnut Creek BART,1,56776,46658,1,1
21,10,554786,Walnut Creek BART,1,57433,46658,1,1
21,10,554797,Walnut Creek BART,1,57434,46658,1,1
21,10,554787,Walnut Creek BART,1,57430,46658,1,1
21,10,554788,Walnut Creek BART,1,57433,46658,1,1
28,10,554809,DVC/Concord BART Via VA Clinic,0,56782,46659,1,1
28,10,554798,DVC/Concord BART Via VA Clinic,0,56785,46659,1,1
28,10,554799,DVC/Concord BART Via VA Clinic,0,56782,46659,1,1
28,10,554800,DVC/Concord BART Via VA Clinic,0,57435,46659,1,1
28,10,554801,DVC/Concord BART Via VA Clinic,0,57438,46659,1,1
28,10,554802,DVC/Concord BART Via VA Clinic,0,57436,46659,1,1
28,10,554803,DVC/Concord BART Via VA Clinic,0,57439,46659,1,1
28,10,554804,DVC/Concord BART Via VA Clinic,0,57437,46659,1,1
28,10,554805,DVC/Concord BART Via VA Clinic,0,57439,46659,1,1
28,10,554806,DVC/Concord BART Via VA Clinic,0,57437,46659,1,1
28,10,554807,DVC/Concord BART Via VA Clinic,0,57439,46659,1,1
28,10,554808,DVC/Concord BART Via VA Clinic,0,57437,46659,1,1
28,10,554810,DVC/Martinez Amtrak Via VA Clinic,1,56785,46660,1,1
28,10,554811,DVC/Martinez Amtrak Via VA Clinic,1,56782,46660,1,1
28,10,554812,DVC/Martinez Amtrak Via VA Clinic,1,56785,46660,1,1
28,10,554813,DVC/Martinez Amtrak Via VA Clinic,1,57438,46660,1,1
28,10,554814,DVC/Martinez Amtrak Via VA Clinic,1,57435,46660,1,1
28,10,554815,DVC/Martinez Amtrak Via VA Clinic,1,57439,46660,1,1
28,10,554816,DVC/Martinez Amtrak Via VA Clinic,1,57436,46660,1,1
28,10,554817,DVC/Martinez Amtrak Via VA Clinic,1,57439,46660,1,1
28,10,554818,DVC/Martinez Amtrak Via VA Clinic,1,57437,46660,1,1
28,10,554819,DVC/Martinez Amtrak Via VA Clinic,1,57439,46660,1,1
28,10,554820,DVC/Martinez Amtrak Via VA Clinic,1,57437,46660,1,1
28,10,554821,DVC/Martinez Amtrak Via VA Clinic,1,57439,46660,1,1
301,4,554822,Walnut Creek BART Via John Muir Med Ctr,0,56791,46661,1,1
301,5,554833,Walnut Creek BART Via John Muir Med Ctr,0,56797,46661,1,1
301,5,554834,Walnut Creek BART Via John Muir Med Ctr,0,56795,46661,1,1
301,4,554823,Walnut Creek BART Via John Muir Med Ctr,0,56789,46661,1,1
301,5,554835,Walnut Creek BART Via John Muir Med Ctr,0,56796,46661,1,1
301,4,554824,Walnut Creek BART Via John Muir Med Ctr,0,56790,46661,1,1
301,4,554825,Walnut Creek BART Via John Muir Med Ctr,0,56791,46661,1,1
301,5,554836,Walnut Creek BART Via John Muir Med Ctr,0,56797,46661,1,1
301,5,554837,Walnut Creek BART Via John Muir Med Ctr,0,56795,46661,1,1
301,4,554826,Walnut Creek BART Via John Muir Med Ctr,0,56789,46661,1,1
301,4,554827,Walnut Creek BART Via John Muir Med Ctr,0,57396,46661,1,1
301,5,554838,Walnut Creek BART Via John Muir Med Ctr,0,57381,46661,1,1
301,5,554839,Walnut Creek BART Via John Muir Med Ctr,0,56797,46661,1,1
301,4,554828,Walnut Creek BART Via John Muir Med Ctr,0,56791,46661,1,1
301,5,554840,Walnut Creek BART Via John Muir Med Ctr,0,56795,46661,1,1
301,4,554829,Walnut Creek BART Via John Muir Med Ctr,0,56789,46661,1,1
301,4,554830,Walnut Creek BART Via John Muir Med Ctr,0,57396,46661,1,1
301,5,554841,Walnut Creek BART Via John Muir Med Ctr,0,57381,46661,1,1
301,5,554842,Walnut Creek BART Via John Muir Med Ctr,0,57379,46661,1,1
301,4,554831,Walnut Creek BART Via John Muir Med Ctr,0,57394,46661,1,1
301,4,554832,Walnut Creek BART Via John Muir Med Ctr,0,57395,46661,1,1
301,5,554843,Walnut Creek BART Via John Muir Med Ctr,0,57380,46661,1,1
310,5,554884,Clayton,0,56808,46662,1,1
310,4,554844,Clayton,0,56802,46662,1,1
310,4,554845,Clayton,0,56803,46662,1,1
310,5,554885,Clayton,0,56809,46662,1,1
310,5,554886,Clayton,0,56808,46662,1,1
310,4,554846,Clayton,0,56802,46662,1,1
310,4,554847,Clayton,0,56803,46662,1,1
310,5,554887,Clayton,0,56809,46662,1,1
310,5,554888,Clayton,0,56808,46662,1,1
310,4,554848,Clayton,0,56802,46662,1,1
310,4,554849,Clayton,0,56801,46662,1,1
310,5,554889,Clayton,0,56807,46662,1,1
310,5,554890,Clayton,0,56809,46662,1,1
310,4,554850,Clayton,0,56803,46662,1,1
310,4,554851,Clayton,0,56802,46662,1,1
310,5,554891,Clayton,0,56808,46662,1,1
310,5,554892,Clayton,0,56807,46662,1,1
310,4,554852,Clayton,0,56801,46662,1,1
310,4,554853,Clayton,0,56803,46662,1,1
310,5,554893,Clayton,0,56809,46662,1,1
310,5,554894,Clayton,0,57377,46662,1,1
310,4,554854,Clayton,0,57392,46662,1,1
310,4,554855,Clayton,0,56801,46662,1,1
310,5,554895,Clayton,0,56807,46662,1,1
310,5,554896,Clayton,0,57378,46662,1,1
310,4,554856,Clayton,0,57393,46662,1,1
310,4,554857,Clayton,0,57392,46662,1,1
310,5,554897,Clayton,0,57377,46662,1,1
310,5,554898,Clayton,0,56807,46662,1,1
310,4,554858,Clayton,0,56801,46662,1,1
310,4,554859,Clayton,0,57393,46662,1,1
310,5,554899,Clayton,0,57378,46662,1,1
310,5,554900,Clayton,0,57377,46662,1,1
310,4,554860,Clayton,0,57392,46662,1,1
310,4,554861,Clayton,0,56801,46662,1,1
310,5,554901,Clayton,0,56807,46662,1,1
310,5,554902,Clayton,0,57378,46662,1,1
310,4,554862,Clayton,0,57393,46662,1,1
310,4,554863,Clayton,0,57392,46662,1,1
310,5,554903,Clayton,0,57377,46662,1,1
310,4,554864,Concord BART ,1,56802,46663,1,1
310,5,554904,Concord BART ,1,56808,46663,1,1
310,5,554905,Concord BART ,1,56809,46663,1,1
310,4,554865,Concord BART ,1,56803,46663,1,1
310,4,554866,Concord BART ,1,56802,46663,1,1
310,5,554906,Concord BART ,1,56808,46663,1,1
310,5,554907,Concord BART ,1,56809,46663,1,1
310,4,554867,Concord BART ,1,56803,46663,1,1
310,4,554868,Concord BART ,1,56802,46663,1,1
310,5,554908,Concord BART ,1,56808,46663,1,1
310,5,554909,Concord BART ,1,56807,46663,1,1
310,4,554869,Concord BART ,1,56801,46663,1,1
310,4,554870,Concord BART ,1,56803,46663,1,1
310,5,554910,Concord BART ,1,56809,46663,1,1
310,5,554911,Concord BART ,1,56808,46663,1,1
310,4,554871,Concord BART ,1,56802,46663,1,1
310,4,554872,Concord BART ,1,56801,46663,1,1
310,5,554912,Concord BART ,1,56807,46663,1,1
310,5,554913,Concord BART ,1,56809,46663,1,1
310,4,554873,Concord BART ,1,56803,46663,1,1
310,4,554874,Concord BART ,1,57392,46663,1,1
310,5,554914,Concord BART ,1,57377,46663,1,1
310,5,554915,Concord BART ,1,56807,46663,1,1
310,4,554875,Concord BART ,1,56801,46663,1,1
310,4,554876,Concord BART ,1,57393,46663,1,1
310,5,554916,Concord BART ,1,57378,46663,1,1
310,5,554917,Concord BART ,1,57377,46663,1,1
310,4,554877,Concord BART ,1,57392,46663,1,1
310,4,554878,Concord BART ,1,56801,46663,1,1
310,5,554918,Concord BART ,1,56807,46663,1,1
310,5,554919,Concord BART ,1,57378,46663,1,1
310,4,554879,Concord BART ,1,57393,46663,1,1
310,4,554880,Concord BART ,1,57392,46663,1,1
310,5,554920,Concord BART ,1,57377,46663,1,1
310,5,554921,Concord BART ,1,56807,46663,1,1
310,4,554881,Concord BART ,1,56801,46663,1,1
310,4,554882,Concord BART ,1,57393,46663,1,1
310,5,554922,Concord BART ,1,57378,46663,1,1
310,5,554923,Concord BART ,1,57377,46663,1,1
310,4,554883,Concord BART ,1,57392,46663,1,1
311,4,554924,Concord BART Via PH BART,0,56791,46664,1,1
311,5,554947,Concord BART Via PH BART,0,56797,46664,1,1
311,5,554948,Concord BART Via PH BART,0,56795,46664,1,1
311,4,554925,Concord BART Via PH BART,0,56789,46664,1,1
311,4,554926,Concord BART Via PH BART,0,56790,46664,1,1
311,5,554949,Concord BART Via PH BART,0,56796,46664,1,1
311,5,554950,Concord BART Via PH BART,0,56797,46664,1,1
311,4,554927,Concord BART Via PH BART,0,56791,46664,1,1
311,4,554928,Concord BART Via PH BART,0,56789,46664,1,1
311,5,554951,Concord BART Via PH BART,0,56795,46664,1,1
311,5,554952,Concord BART Via PH BART,0,57381,46664,1,1
311,4,554929,Concord BART Via PH BART,0,57396,46664,1,1
311,4,554930,Concord BART Via PH BART,0,56791,46664,1,1
311,5,554953,Concord BART Via PH BART,0,56797,46664,1,1
311,5,554954,Concord BART Via PH BART,0,56795,46664,1,1
311,4,554931,Concord BART Via PH BART,0,56789,46664,1,1
311,4,554932,Concord BART Via PH BART,0,57396,46664,1,1
311,5,554955,Concord BART Via PH BART,0,57381,46664,1,1
311,5,554956,Concord BART Via PH BART,0,57379,46664,1,1
311,4,554933,Concord BART Via PH BART,0,57394,46664,1,1
311,4,554934,Concord BART Via PH BART,0,57395,46664,1,1
311,5,554957,Concord BART Via PH BART,0,57380,46664,1,1
311,5,554958,Concord BART Via PH BART,0,57381,46664,1,1
311,4,554935,Concord BART Via PH BART,0,57396,46664,1,1
311,5,554969,WC BART Via PH BART,1,56795,46665,1,1
311,4,554946,WC BART Via PH BART,1,56789,46665,1,1
311,5,554959,WC BART Via PH BART,1,56796,46665,1,1
311,4,554936,WC BART Via PH BART,1,56790,46665,1,1
311,4,554937,WC BART Via PH BART,1,56791,46665,1,1
311,5,554960,WC BART Via PH BART,1,56797,46665,1,1
311,5,554961,WC BART Via PH BART,1,56795,46665,1,1
311,4,554938,WC BART Via PH BART,1,56789,46665,1,1
311,4,554939,WC BART Via PH BART,1,56790,46665,1,1
311,5,554962,WC BART Via PH BART,1,56796,46665,1,1
311,5,554963,WC BART Via PH BART,1,56797,46665,1,1
311,4,554940,WC BART Via PH BART,1,56791,46665,1,1
311,4,554941,WC BART Via PH BART,1,56789,46665,1,1
311,5,554964,WC BART Via PH BART,1,56795,46665,1,1
311,5,554965,WC BART Via PH BART,1,57381,46665,1,1
311,4,554942,WC BART Via PH BART,1,57396,46665,1,1
311,4,554943,WC BART Via PH BART,1,56791,46665,1,1
311,5,554966,WC BART Via PH BART,1,56797,46665,1,1
311,5,554967,WC BART Via PH BART,1,57380,46665,1,1
311,4,554944,WC BART Via PH BART,1,57395,46665,1,1
311,4,554945,WC BART Via PH BART,1,57396,46665,1,1
311,5,554968,WC BART Via PH BART,1,57381,46665,1,1
314,5,555037,DVC Via Monument,0,56818,46666,1,1
314,4,554991,DVC Via Monument,0,56810,46666,1,1
314,4,554990,DVC Via Monument,0,56810,46666,1,1
314,5,555036,DVC Via Monument,0,56818,46666,1,1
314,5,555016,DVC Via Monument,0,56822,46666,1,1
314,4,554970,DVC Via Monument,0,56814,46666,1,1
314,4,554971,DVC Via Monument,0,56810,46666,1,1
314,5,555017,DVC Via Monument,0,56818,46666,1,1
314,5,555018,DVC Via Monument,0,56825,46666,1,1
314,4,554972,DVC Via Monument,0,56817,46666,1,1
314,4,554973,DVC Via Monument,0,56814,46666,1,1
314,5,555019,DVC Via Monument,0,56822,46666,1,1
314,5,555020,DVC Via Monument,0,56818,46666,1,1
314,4,554974,DVC Via Monument,0,56810,46666,1,1
314,4,554975,DVC Via Monument,0,56817,46666,1,1
314,5,555021,DVC Via Monument,0,56825,46666,1,1
314,5,555022,DVC Via Monument,0,56822,46666,1,1
314,4,554976,DVC Via Monument,0,56814,46666,1,1
314,4,554977,DVC Via Monument,0,56810,46666,1,1
314,5,555023,DVC Via Monument,0,56818,46666,1,1
314,5,555024,DVC Via Monument,0,56825,46666,1,1
314,4,554978,DVC Via Monument,0,56817,46666,1,1
314,4,554979,DVC Via Monument,0,56814,46666,1,1
314,5,555025,DVC Via Monument,0,56822,46666,1,1
314,5,555026,DVC Via Monument,0,57382,46666,1,1
314,4,554980,DVC Via Monument,0,57397,46666,1,1
314,4,554981,DVC Via Monument,0,57400,46666,1,1
314,5,555027,DVC Via Monument,0,57385,46666,1,1
314,5,555028,DVC Via Monument,0,56822,46666,1,1
314,4,554982,DVC Via Monument,0,56814,46666,1,1
314,4,554983,DVC Via Monument,0,57398,46666,1,1
314,5,555029,DVC Via Monument,0,57383,46666,1,1
314,5,555030,DVC Via Monument,0,57385,46666,1,1
314,4,554984,DVC Via Monument,0,57400,46666,1,1
314,4,554985,DVC Via Monument,0,56814,46666,1,1
314,5,555031,DVC Via Monument,0,56822,46666,1,1
314,5,555032,DVC Via Monument,0,57383,46666,1,1
314,4,554986,DVC Via Monument,0,57398,46666,1,1
314,4,554987,DVC Via Monument,0,57400,46666,1,1
314,5,555033,DVC Via Monument,0,57385,46666,1,1
314,5,555034,DVC Via Monument,0,57384,46666,1,1
314,4,554988,DVC Via Monument,0,57399,46666,1,1
314,4,554989,DVC Via Monument,0,57398,46666,1,1
314,5,555035,DVC Via Monument,0,57383,46666,1,1
314,4,554992,Concord BART ,1,56810,46667,1,1
314,5,555038,Concord BART ,1,56818,46667,1,1
314,5,555039,Concord BART ,1,56822,46667,1,1
314,4,554993,Concord BART ,1,56814,46667,1,1
314,4,555005,Concord BART ,1,56810,46667,1,1
314,5,555051,Concord BART ,1,56818,46667,1,1
314,5,555040,Concord BART ,1,56825,46667,1,1
314,4,554994,Concord BART ,1,56817,46667,1,1
314,4,555006,Concord BART ,1,56814,46667,1,1
314,5,555052,Concord BART ,1,56822,46667,1,1
314,5,555041,Concord BART ,1,56818,46667,1,1
314,4,554995,Concord BART ,1,56810,46667,1,1
314,4,555007,Concord BART ,1,56817,46667,1,1
314,5,555053,Concord BART ,1,56825,46667,1,1
314,5,555042,Concord BART ,1,56822,46667,1,1
314,4,554996,Concord BART ,1,56814,46667,1,1
314,4,555008,Concord BART ,1,56810,46667,1,1
314,5,555054,Concord BART ,1,56818,46667,1,1
314,5,555043,Concord BART ,1,56825,46667,1,1
314,4,554997,Concord BART ,1,56817,46667,1,1
314,4,555009,Concord BART ,1,56814,46667,1,1
314,5,555055,Concord BART ,1,56822,46667,1,1
314,5,555044,Concord BART ,1,56818,46667,1,1
314,4,554998,Concord BART ,1,56810,46667,1,1
314,4,555010,Concord BART ,1,56817,46667,1,1
314,5,555056,Concord BART ,1,56825,46667,1,1
314,5,555045,Concord BART ,1,56822,46667,1,1
314,4,554999,Concord BART ,1,56814,46667,1,1
314,4,555011,Concord BART ,1,57397,46667,1,1
314,5,555057,Concord BART ,1,57382,46667,1,1
314,5,555046,Concord BART ,1,57385,46667,1,1
314,4,555000,Concord BART ,1,57400,46667,1,1
314,4,555012,Concord BART ,1,56814,46667,1,1
314,5,555058,Concord BART ,1,56822,46667,1,1
314,5,555047,Concord BART ,1,57383,46667,1,1
314,4,555001,Concord BART ,1,57398,46667,1,1
314,4,555013,Concord BART ,1,57400,46667,1,1
314,5,555059,Concord BART ,1,57385,46667,1,1
314,5,555048,Concord BART ,1,57384,46667,1,1
314,4,555002,Concord BART ,1,57399,46667,1,1
314,4,555014,Concord BART ,1,57398,46667,1,1
314,5,555060,Concord BART ,1,57383,46667,1,1
314,5,555049,Concord BART ,1,57385,46667,1,1
314,4,555003,Concord BART ,1,57400,46667,1,1
314,4,555015,Concord BART ,1,57399,46667,1,1
314,5,555061,Concord BART ,1,57384,46667,1,1
314,5,555050,Concord BART ,1,57383,46667,1,1
314,4,555004,Concord BART ,1,57398,46667,1,1
315,4,555062,Clayton/Treat,0,56790,46668,1,1
315,5,555072,Clayton/Treat,0,56796,46668,1,1
315,5,555073,Clayton/Treat,0,56797,46668,1,1
315,4,555063,Clayton/Treat,0,56791,46668,1,1
315,4,555064,Clayton/Treat,0,56789,46668,1,1
315,5,555074,Clayton/Treat,0,56795,46668,1,1
315,5,555075,Clayton/Treat,0,56796,46668,1,1
315,4,555065,Clayton/Treat,0,56790,46668,1,1
315,4,555066,Clayton/Treat,0,56791,46668,1,1
315,5,555076,Clayton/Treat,0,56797,46668,1,1
315,5,555077,Clayton/Treat,0,56795,46668,1,1
315,4,555067,Clayton/Treat,0,56789,46668,1,1
315,4,555068,Clayton/Treat,0,57396,46668,1,1
315,5,555078,Clayton/Treat,0,57381,46668,1,1
315,5,555079,Clayton/Treat,0,56797,46668,1,1
315,4,555069,Clayton/Treat,0,56791,46668,1,1
315,4,555070,Clayton/Treat,0,56789,46668,1,1
315,5,555080,Clayton/Treat,0,56795,46668,1,1
315,5,555081,Clayton/Treat,0,57381,46668,1,1
315,4,555071,Clayton/Treat,0,57396,46668,1,1
316,4,555082,Martinez Downtown PH,0,56829,46669,1,1
316,5,555101,Martinez Downtown PH,0,56833,46669,1,1
316,5,555102,Martinez Downtown PH,0,56832,46669,1,1
316,4,555083,Martinez Downtown PH,0,56828,46669,1,1
316,4,555084,Martinez Downtown PH,0,56829,46669,1,1
316,5,555103,Martinez Downtown PH,0,56833,46669,1,1
316,5,555104,Martinez Downtown PH,0,56832,46669,1,1
316,4,555085,Martinez Downtown PH,0,56828,46669,1,1
316,4,555086,Martinez Downtown PH,0,56829,46669,1,1
316,5,555105,Martinez Downtown PH,0,56833,46669,1,1
316,5,555106,Martinez Downtown PH,0,56832,46669,1,1
316,4,555087,Martinez Downtown PH,0,56828,46669,1,1
316,4,555088,Martinez Downtown PH,0,57401,46669,1,1
316,5,555107,Martinez Downtown PH,0,57386,46669,1,1
316,5,555108,Martinez Downtown PH,0,57387,46669,1,1
316,4,555089,Martinez Downtown PH,0,57402,46669,1,1
316,4,555090,Martinez Downtown PH,0,57401,46669,1,1
316,5,555109,Martinez Downtown PH,0,57386,46669,1,1
316,4,555091,PH BART Via Martinez Amtrak,1,56829,46670,1,1
316,5,555110,PH BART Via Martinez Amtrak,1,56833,46670,1,1
316,5,555111,PH BART Via Martinez Amtrak,1,56832,46670,1,1
316,4,555092,PH BART Via Martinez Amtrak,1,56828,46670,1,1
316,4,555093,PH BART Via Martinez Amtrak,1,56829,46670,1,1
316,5,555112,PH BART Via Martinez Amtrak,1,56833,46670,1,1
316,5,555113,PH BART Via Martinez Amtrak,1,56832,46670,1,1
316,4,555094,PH BART Via Martinez Amtrak,1,56828,46670,1,1
316,4,555095,PH BART Via Martinez Amtrak,1,56829,46670,1,1
316,5,555114,PH BART Via Martinez Amtrak,1,56833,46670,1,1
316,5,555115,PH BART Via Martinez Amtrak,1,56832,46670,1,1
316,4,555096,PH BART Via Martinez Amtrak,1,56828,46670,1,1
316,4,555097,PH BART Via Martinez Amtrak,1,56829,46670,1,1
316,5,555116,PH BART Via Martinez Amtrak,1,56833,46670,1,1
316,5,555117,PH BART Via Martinez Amtrak,1,56832,46670,1,1
316,4,555098,PH BART Via Martinez Amtrak,1,56828,46670,1,1
316,4,555099,PH BART Via Martinez Amtrak,1,57401,46670,1,1
316,5,555118,PH BART Via Martinez Amtrak,1,57386,46670,1,1
316,5,555119,PH BART Via Martinez Amtrak,1,57387,46670,1,1
316,4,555100,PH BART Via Martinez Amtrak,1,57402,46670,1,1
320,4,555120,Concord BART  Via Diamond Blvd,0,56801,46671,1,1
320,5,555149,Concord BART  Via Diamond Blvd,0,56807,46671,1,1
320,5,555150,Concord BART  Via Diamond Blvd,0,56809,46671,1,1
320,4,555121,Concord BART  Via Diamond Blvd,0,56803,46671,1,1
320,4,555122,Concord BART  Via Diamond Blvd,0,56802,46671,1,1
320,5,555151,Concord BART  Via Diamond Blvd,0,56808,46671,1,1
320,5,555152,Concord BART  Via Diamond Blvd,0,56807,46671,1,1
320,4,555123,Concord BART  Via Diamond Blvd,0,56801,46671,1,1
320,4,555124,Concord BART  Via Diamond Blvd,0,56803,46671,1,1
320,5,555153,Concord BART  Via Diamond Blvd,0,56809,46671,1,1
320,5,555154,Concord BART  Via Diamond Blvd,0,56808,46671,1,1
320,4,555125,Concord BART  Via Diamond Blvd,0,56802,46671,1,1
320,4,555126,Concord BART  Via Diamond Blvd,0,56801,46671,1,1
320,5,555155,Concord BART  Via Diamond Blvd,0,56807,46671,1,1
320,5,555156,Concord BART  Via Diamond Blvd,0,57378,46671,1,1
320,4,555127,Concord BART  Via Diamond Blvd,0,57393,46671,1,1
320,4,555128,Concord BART  Via Diamond Blvd,0,57392,46671,1,1
320,5,555157,Concord BART  Via Diamond Blvd,0,57377,46671,1,1
320,5,555158,Concord BART  Via Diamond Blvd,0,56807,46671,1,1
320,4,555129,Concord BART  Via Diamond Blvd,0,56801,46671,1,1
320,4,555130,Concord BART  Via Diamond Blvd,0,57393,46671,1,1
320,5,555159,Concord BART  Via Diamond Blvd,0,57378,46671,1,1
320,5,555160,Concord BART  Via Diamond Blvd,0,57377,46671,1,1
320,4,555131,Concord BART  Via Diamond Blvd,0,57392,46671,1,1
320,4,555132,Concord BART  Via Diamond Blvd,0,56801,46671,1,1
320,5,555161,Concord BART  Via Diamond Blvd,0,56807,46671,1,1
320,5,555162,Concord BART  Via Diamond Blvd,0,57378,46671,1,1
320,4,555133,Concord BART  Via Diamond Blvd,0,57393,46671,1,1
320,4,555134,Concord BART  Via Diamond Blvd,0,57392,46671,1,1
320,5,555163,Concord BART  Via Diamond Blvd,0,57377,46671,1,1
320,4,555135,DVC Via Diamond,1,56803,46672,1,1
320,5,555164,DVC Via Diamond,1,56809,46672,1,1
320,5,555165,DVC Via Diamond,1,56808,46672,1,1
320,4,555136,DVC Via Diamond,1,56802,46672,1,1
320,4,555137,DVC Via Diamond,1,56801,46672,1,1
320,5,555166,DVC Via Diamond,1,56807,46672,1,1
320,5,555167,DVC Via Diamond,1,56809,46672,1,1
320,4,555138,DVC Via Diamond,1,56803,46672,1,1
320,4,555139,DVC Via Diamond,1,56802,46672,1,1
320,5,555168,DVC Via Diamond,1,56808,46672,1,1
320,5,555169,DVC Via Diamond,1,56807,46672,1,1
320,4,555140,DVC Via Diamond,1,56801,46672,1,1
320,4,555141,DVC Via Diamond,1,56803,46672,1,1
320,5,555170,DVC Via Diamond,1,56809,46672,1,1
320,5,555171,DVC Via Diamond,1,57377,46672,1,1
320,4,555142,DVC Via Diamond,1,57392,46672,1,1
320,4,555143,DVC Via Diamond,1,56801,46672,1,1
320,5,555172,DVC Via Diamond,1,56807,46672,1,1
320,5,555173,DVC Via Diamond,1,57378,46672,1,1
320,4,555144,DVC Via Diamond,1,57393,46672,1,1
320,4,555145,DVC Via Diamond,1,57392,46672,1,1
320,5,555174,DVC Via Diamond,1,57377,46672,1,1
320,5,555175,DVC Via Diamond,1,56807,46672,1,1
320,4,555146,DVC Via Diamond,1,56801,46672,1,1
320,4,555147,DVC Via Diamond,1,57393,46672,1,1
320,5,555176,DVC Via Diamond,1,57378,46672,1,1
320,5,555177,DVC Via Diamond,1,57377,46672,1,1
320,4,555148,DVC Via Diamond,1,57392,46672,1,1
321,4,555178,San Ramon TC,0,56839,46673,1,1
321,5,555206,San Ramon TC,0,57216,46673,1,1
321,5,555207,San Ramon TC,0,57218,46673,1,1
321,4,555179,San Ramon TC,0,56838,46673,1,1
321,4,555180,San Ramon TC,0,56840,46673,1,1
321,5,555208,San Ramon TC,0,57217,46673,1,1
321,5,555209,San Ramon TC,0,57216,46673,1,1
321,4,555181,San Ramon TC,0,56839,46673,1,1
321,4,555182,San Ramon TC,0,56838,46673,1,1
321,5,555210,San Ramon TC,0,57218,46673,1,1
321,5,555211,San Ramon TC,0,57219,46673,1,1
321,4,555183,San Ramon TC,0,57215,46673,1,1
321,4,555184,San Ramon TC,0,57213,46673,1,1
321,5,555212,San Ramon TC,0,57220,46673,1,1
321,5,555213,San Ramon TC,0,57221,46673,1,1
321,4,555185,San Ramon TC,0,57214,46673,1,1
321,4,555186,San Ramon TC,0,57215,46673,1,1
321,5,555214,San Ramon TC,0,57219,46673,1,1
321,5,555215,San Ramon TC,0,57220,46673,1,1
321,4,555187,San Ramon TC,0,57213,46673,1,1
321,4,555188,San Ramon TC,0,57214,46673,1,1
321,5,555216,San Ramon TC,0,57221,46673,1,1
321,5,555217,San Ramon TC,0,57219,46673,1,1
321,4,555189,San Ramon TC,0,57215,46673,1,1
321,4,555190,San Ramon TC,0,57213,46673,1,1
321,5,555218,San Ramon TC,0,57220,46673,1,1
321,5,555219,San Ramon TC,0,57221,46673,1,1
321,4,555191,San Ramon TC,0,57214,46673,1,1
321,4,555192,WC BART,1,56840,46674,1,1
321,5,555220,WC BART,1,57217,46674,1,1
321,5,555221,WC BART,1,57216,46674,1,1
321,4,555193,WC BART,1,56839,46674,1,1
321,4,555194,WC BART,1,56838,46674,1,1
321,5,555222,WC BART,1,57218,46674,1,1
321,5,555223,WC BART,1,57217,46674,1,1
321,4,555195,WC BART,1,56840,46674,1,1
321,4,555196,WC BART,1,56839,46674,1,1
321,5,555224,WC BART,1,57216,46674,1,1
321,5,555225,WC BART,1,57218,46674,1,1
321,4,555197,WC BART,1,56838,46674,1,1
321,4,555198,WC BART,1,57215,46674,1,1
321,5,555226,WC BART,1,57219,46674,1,1
321,5,555227,WC BART,1,57220,46674,1,1
321,4,555199,WC BART,1,57213,46674,1,1
321,4,555200,WC BART,1,57214,46674,1,1
321,5,555228,WC BART,1,57221,46674,1,1
321,5,555229,WC BART,1,57219,46674,1,1
321,4,555201,WC BART,1,57215,46674,1,1
321,4,555202,WC BART,1,57213,46674,1,1
321,5,555230,WC BART,1,57220,46674,1,1
321,5,555231,WC BART,1,57221,46674,1,1
321,4,555203,WC BART,1,57214,46674,1,1
321,4,555204,WC BART,1,57215,46674,1,1
321,5,555232,WC BART,1,57219,46674,1,1
321,5,555233,WC BART,1,57220,46674,1,1
321,4,555205,WC BART,1,57213,46674,1,1
335,5,555262,Dublin BART Via Bollinger Cyn,0,57216,46675,1,1
335,4,555234,Dublin BART Via Bollinger Cyn,0,56839,46675,1,1
335,4,555235,Dublin BART Via Bollinger Cyn,0,56838,46675,1,1
335,5,555263,Dublin BART Via Bollinger Cyn,0,57218,46675,1,1
335,5,555264,Dublin BART Via Bollinger Cyn,0,57217,46675,1,1
335,4,555236,Dublin BART Via Bollinger Cyn,0,56840,46675,1,1
335,4,555237,Dublin BART Via Bollinger Cyn,0,56839,46675,1,1
335,5,555265,Dublin BART Via Bollinger Cyn,0,57216,46675,1,1
335,5,555266,Dublin BART Via Bollinger Cyn,0,57218,46675,1,1
335,4,555238,Dublin BART Via Bollinger Cyn,0,56838,46675,1,1
335,5,555267,Dublin BART Via Bollinger Cyn,0,57219,46675,1,1
335,4,555239,Dublin BART Via Bollinger Cyn,0,57215,46675,1,1
335,4,555240,Dublin BART Via Bollinger Cyn,0,57213,46675,1,1
335,5,555268,Dublin BART Via Bollinger Cyn,0,57220,46675,1,1
335,5,555269,Dublin BART Via Bollinger Cyn,0,57221,46675,1,1
335,4,555241,Dublin BART Via Bollinger Cyn,0,57214,46675,1,1
335,4,555242,Dublin BART Via Bollinger Cyn,0,57215,46675,1,1
335,5,555270,Dublin BART Via Bollinger Cyn,0,57219,46675,1,1
335,5,555271,Dublin BART Via Bollinger Cyn,0,57220,46675,1,1
335,4,555243,Dublin BART Via Bollinger Cyn,0,57213,46675,1,1
335,4,555244,Dublin BART Via Bollinger Cyn,0,57214,46675,1,1
335,5,555272,Dublin BART Via Bollinger Cyn,0,57221,46675,1,1
335,5,555273,Dublin BART Via Bollinger Cyn,0,57219,46675,1,1
335,4,555245,Dublin BART Via Bollinger Cyn,0,57215,46675,1,1
335,4,555246,Dublin BART Via Bollinger Cyn,0,57213,46675,1,1
335,5,555274,Dublin BART Via Bollinger Cyn,0,57220,46675,1,1
335,5,555275,Dublin BART Via Bollinger Cyn,0,57221,46675,1,1
335,4,555247,Dublin BART Via Bollinger Cyn,0,57214,46675,1,1
335,5,555276,San Ramon TC Via Bollinger Cyn,1,57217,46676,1,1
335,4,555248,San Ramon TC Via Bollinger Cyn,1,56840,46676,1,1
335,4,555249,San Ramon TC Via Bollinger Cyn,1,56839,46676,1,1
335,5,555277,San Ramon TC Via Bollinger Cyn,1,57216,46676,1,1
335,5,555278,San Ramon TC Via Bollinger Cyn,1,57218,46676,1,1
335,4,555250,San Ramon TC Via Bollinger Cyn,1,56838,46676,1,1
335,4,555251,San Ramon TC Via Bollinger Cyn,1,56840,46676,1,1
335,5,555279,San Ramon TC Via Bollinger Cyn,1,57217,46676,1,1
335,5,555280,San Ramon TC Via Bollinger Cyn,1,57216,46676,1,1
335,4,555252,San Ramon TC Via Bollinger Cyn,1,56839,46676,1,1
335,5,555281,San Ramon TC Via Bollinger Cyn,1,57218,46676,1,1
335,4,555253,San Ramon TC Via Bollinger Cyn,1,56838,46676,1,1
335,4,555254,San Ramon TC Via Bollinger Cyn,1,57215,46676,1,1
335,5,555282,San Ramon TC Via Bollinger Cyn,1,57219,46676,1,1
335,5,555283,San Ramon TC Via Bollinger Cyn,1,57220,46676,1,1
335,4,555255,San Ramon TC Via Bollinger Cyn,1,57213,46676,1,1
335,4,555256,San Ramon TC Via Bollinger Cyn,1,57214,46676,1,1
335,5,555284,San Ramon TC Via Bollinger Cyn,1,57221,46676,1,1
335,5,555285,San Ramon TC Via Bollinger Cyn,1,57219,46676,1,1
335,4,555257,San Ramon TC Via Bollinger Cyn,1,57215,46676,1,1
335,5,555286,San Ramon TC Via Bollinger Cyn,1,57220,46676,1,1
335,4,555258,San Ramon TC Via Bollinger Cyn,1,57213,46676,1,1
335,4,555259,San Ramon TC Via Bollinger Cyn,1,57214,46676,1,1
335,5,555287,San Ramon TC Via Bollinger Cyn,1,57221,46676,1,1
335,5,555288,San Ramon TC Via Bollinger Cyn,1,57219,46676,1,1
335,4,555260,San Ramon TC Via Bollinger Cyn,1,57215,46676,1,1
335,5,555289,San Ramon TC Via Bollinger Cyn,1,57220,46676,1,1
335,4,555261,San Ramon TC Via Bollinger Cyn,1,57213,46676,1,1
35,10,555291,Dublin BART Via Bollinger Canyon,0,56853,46677,1,1
35,10,555301,Dublin BART Via Bollinger Canyon,0,56854,46677,1,1
35,10,555292,Dublin BART Via Bollinger Canyon,0,56852,46677,1,1
35,10,555302,Dublin BART Via Bollinger Canyon,0,56853,46677,1,1
35,10,555290,San Ramon Transit Center Via Crow Canyon,0,56854,46679,1,1
35,10,555293,Dublin BART Via Bollinger Canyon,0,56854,46677,1,1
35,10,555303,Dublin BART Via Bollinger Canyon,0,56852,46677,1,1
35,10,555294,Dublin BART Via Bollinger Canyon,0,56853,46677,1,1
35,10,555304,Dublin BART Via Bollinger Canyon,0,56854,46677,1,1
35,10,555295,Dublin BART Via Bollinger Canyon,0,57441,46677,1,1
35,10,555306,Dublin BART Via Windemere Pkwy,0,56853,46678,1,1
35,10,555307,Dublin BART Via Windemere Pkwy,0,57441,46678,1,1
35,10,555308,Dublin BART Via Windemere Pkwy,0,56848,46678,1,1
35,10,555309,Dublin BART Via Windemere Pkwy,0,57442,46678,1,1
35,10,555310,Dublin BART Via Windemere Pkwy,0,56848,46678,1,1
35,10,555296,Dublin BART Via Bollinger Canyon,0,56849,46677,1,1
35,10,555311,Dublin BART Via Windemere Pkwy,0,56850,46678,1,1
35,10,555297,Dublin BART Via Bollinger Canyon,0,56848,46677,1,1
35,10,555312,Dublin BART Via Windemere Pkwy,0,56849,46678,1,1
35,10,555298,Dublin BART Via Bollinger Canyon,0,57443,46677,1,1
35,10,555313,Dublin BART Via Windemere Pkwy,0,56848,46678,1,1
35,10,555299,Dublin BART Via Bollinger Canyon,0,56849,46677,1,1
35,10,555305,Dublin BART Via Bollinger Canyon,0,57443,46677,1,1
35,10,555300,Dublin BART Via Bollinger Canyon,0,56848,46677,1,1
35,10,555314,San Ramon  Via Bollinger Canyon,1,56853,46680,1,1
35,10,555315,San Ramon  Via Bollinger Canyon,1,56854,46680,1,1
35,10,555317,San Ramon  TC Via Windemere Pkwy,1,56852,46681,1,1
35,10,555318,San Ramon  Via Bollinger Canyon,1,56853,46680,1,1
35,10,555320,San Ramon  Via Bollinger Canyon,1,56854,46680,1,1
35,10,555316,San Ramon  Via Bollinger Canyon,1,56852,46680,1,1
35,10,555319,San Ramon  Via Bollinger Canyon,1,56853,46680,1,1
35,10,555321,San Ramon  Via Bollinger Canyon,1,56854,46680,1,1
35,10,555322,San Ramon  Via Bollinger Canyon,1,57441,46680,1,1
35,10,555323,San Ramon  Via Bollinger Canyon,1,57440,46680,1,1
35,10,555324,San Ramon  TC Via Windemere Pkwy,1,57441,46681,1,1
35,10,555325,San Ramon  TC Via Windemere Pkwy,1,56848,46681,1,1
35,10,555326,San Ramon  TC Via Windemere Pkwy,1,57442,46681,1,1
35,10,555327,San Ramon  TC Via Windemere Pkwy,1,56848,46681,1,1
35,10,555332,San Ramon  Via Bollinger Canyon,1,56849,46680,1,1
35,10,555328,San Ramon  Via Bollinger Canyon,1,56850,46680,1,1
35,10,555333,San Ramon  Via Bollinger Canyon,1,56848,46680,1,1
35,10,555329,San Ramon  TC Via Windemere Pkwy,1,56849,46681,1,1
35,10,555334,San Ramon  Via Bollinger Canyon,1,57443,46680,1,1
35,10,555330,San Ramon  TC Via Windemere Pkwy,1,56848,46681,1,1
35,10,555335,San Ramon  Via Bollinger Canyon,1,56849,46680,1,1
35,10,555331,San Ramon  TC Via Windemere Pkwy,1,57443,46681,1,1
35,10,555336,San Ramon  Via Bollinger Canyon,1,56848,46680,1,1
4,10,555337,Broadway Plaza Downtown,0,56858,46682,1,1
4,10,555338,Broadway Plaza Downtown,0,56857,46682,1,1
4,10,555339,Broadway Plaza Downtown,0,56858,46682,1,1
4,10,555340,Broadway Plaza Downtown,0,56857,46682,1,1
4,10,555341,Broadway Plaza Downtown,0,56858,46682,1,1
4,10,555342,Broadway Plaza Downtown,0,56857,46682,1,1
4,10,555343,Broadway Plaza Downtown,0,56858,46682,1,1
4,10,555344,Broadway Plaza Downtown,0,56857,46682,1,1
4,4,555378,Broadway Plaza Downtown,0,56862,46682,1,1
4,5,555406,Broadway Plaza Downtown,0,56866,46682,1,1
4,10,555345,Broadway Plaza Downtown,0,56858,46682,1,1
4,5,555407,Broadway Plaza Downtown,0,56865,46682,1,1
4,4,555379,Broadway Plaza Downtown,0,56861,46682,1,1
4,10,555346,Broadway Plaza Downtown,0,56857,46682,1,1
4,4,555380,Broadway Plaza Downtown,0,56862,46682,1,1
4,5,555408,Broadway Plaza Downtown,0,56866,46682,1,1
4,10,555347,Broadway Plaza Downtown,0,56858,46682,1,1
4,5,555409,Broadway Plaza Downtown,0,56865,46682,1,1
4,4,555381,Broadway Plaza Downtown,0,56861,46682,1,1
4,10,555348,Broadway Plaza Downtown,0,56857,46682,1,1
4,4,555382,Broadway Plaza Downtown,0,56862,46682,1,1
4,5,555410,Broadway Plaza Downtown,0,56866,46682,1,1
4,10,555349,Broadway Plaza Downtown,0,56858,46682,1,1
4,5,555411,Broadway Plaza Downtown,0,56865,46682,1,1
4,4,555383,Broadway Plaza Downtown,0,56861,46682,1,1
4,10,555350,Broadway Plaza Downtown,0,56857,46682,1,1
4,4,555384,Broadway Plaza Downtown,0,56862,46682,1,1
4,5,555412,Broadway Plaza Downtown,0,56866,46682,1,1
4,10,555351,Broadway Plaza Downtown,0,56858,46682,1,1
4,5,555413,Broadway Plaza Downtown,0,56865,46682,1,1
4,4,555385,Broadway Plaza Downtown,0,56861,46682,1,1
4,10,555352,Broadway Plaza Downtown,0,56857,46682,1,1
4,4,555386,Broadway Plaza Downtown,0,57403,46682,1,1
4,5,555414,Broadway Plaza Downtown,0,57388,46682,1,1
4,10,555353,Broadway Plaza Downtown,0,56858,46682,1,1
4,5,555415,Broadway Plaza Downtown,0,57389,46682,1,1
4,4,555387,Broadway Plaza Downtown,0,57404,46682,1,1
4,10,555354,Broadway Plaza Downtown,0,56857,46682,1,1
4,4,555388,Broadway Plaza Downtown,0,57403,46682,1,1
4,5,555416,Broadway Plaza Downtown,0,57388,46682,1,1
4,10,555355,Broadway Plaza Downtown,0,56858,46682,1,1
4,5,555417,Broadway Plaza Downtown,0,57389,46682,1,1
4,4,555389,Broadway Plaza Downtown,0,57404,46682,1,1
4,10,555356,Broadway Plaza Downtown,0,56857,46682,1,1
4,4,555390,Broadway Plaza Downtown,0,57403,46682,1,1
4,5,555418,Broadway Plaza Downtown,0,57388,46682,1,1
4,10,555357,Broadway Plaza Downtown,0,57444,46682,1,1
4,5,555419,Broadway Plaza Downtown,0,57389,46682,1,1
4,4,555391,Broadway Plaza Downtown,0,57404,46682,1,1
4,10,555358,Broadway Plaza Downtown,0,57445,46682,1,1
4,4,555392,Broadway Plaza Downtown,0,57403,46682,1,1
4,5,555420,Broadway Plaza Downtown,0,57388,46682,1,1
4,10,555359,Broadway Plaza Downtown,0,57444,46682,1,1
4,5,555421,Broadway Plaza Downtown,0,57389,46682,1,1
4,4,555393,Broadway Plaza Downtown,0,57404,46682,1,1
4,10,555360,Broadway Plaza Downtown,0,57445,46682,1,1
4,4,555394,Broadway Plaza Downtown,0,57403,46682,1,1
4,5,555422,Broadway Plaza Downtown,0,57388,46682,1,1
4,10,555361,Broadway Plaza Downtown,0,57444,46682,1,1
4,5,555423,Broadway Plaza Downtown,0,57389,46682,1,1
4,4,555395,Broadway Plaza Downtown,0,57404,46682,1,1
4,10,555362,Broadway Plaza Downtown,0,57445,46682,1,1
4,4,555396,Broadway Plaza Downtown,0,57403,46682,1,1
4,5,555424,Broadway Plaza Downtown,0,57388,46682,1,1
4,10,555363,Broadway Plaza Downtown,0,57444,46682,1,1
4,5,555425,Broadway Plaza Downtown,0,57389,46682,1,1
4,4,555397,Broadway Plaza Downtown,0,57404,46682,1,1
4,10,555364,Broadway Plaza Downtown,0,57445,46682,1,1
4,4,555398,Broadway Plaza Downtown,0,57403,46682,1,1
4,5,555426,Broadway Plaza Downtown,0,57388,46682,1,1
4,10,555365,Broadway Plaza Downtown,0,57444,46682,1,1
4,5,555427,Broadway Plaza Downtown,0,57389,46682,1,1
4,4,555399,Broadway Plaza Downtown,0,57404,46682,1,1
4,10,555366,Broadway Plaza Downtown,0,57445,46682,1,1
4,4,555400,Broadway Plaza Downtown,0,57403,46682,1,1
4,5,555428,Broadway Plaza Downtown,0,57388,46682,1,1
4,10,555367,Broadway Plaza Downtown,0,57444,46682,1,1
4,5,555429,Broadway Plaza Downtown,0,57389,46682,1,1
4,4,555401,Broadway Plaza Downtown,0,57404,46682,1,1
4,10,555368,Broadway Plaza Downtown,0,57445,46682,1,1
4,4,555402,Broadway Plaza Downtown,0,57403,46682,1,1
4,5,555430,Broadway Plaza Downtown,0,57388,46682,1,1
4,10,555369,Broadway Plaza Downtown,0,57444,46682,1,1
4,4,555403,Broadway Plaza Downtown,0,57404,46682,1,1
4,5,555431,Broadway Plaza Downtown,0,57389,46682,1,1
4,10,555370,Broadway Plaza Downtown,0,57445,46682,1,1
4,4,555404,Broadway Plaza Downtown,0,57403,46682,1,1
4,5,555432,Broadway Plaza Downtown,0,57388,46682,1,1
4,10,555371,Broadway Plaza Downtown,0,57444,46682,1,1
4,4,555405,Broadway Plaza Downtown,0,57404,46682,1,1
4,5,555433,Broadway Plaza Downtown,0,57389,46682,1,1
4,10,555372,Broadway Plaza Downtown,0,57445,46682,1,1
4,10,555373,Broadway Plaza Downtown,0,57444,46682,1,1
4,10,555374,Broadway Plaza Downtown,0,57445,46682,1,1
4,10,555375,Broadway Plaza Downtown,0,57444,46682,1,1
4,10,555376,Broadway Plaza Downtown,0,57445,46682,1,1
4,10,555377,Broadway Plaza Downtown,0,57444,46682,1,1
5,10,555434,Creekside,0,56868,46685,1,1
5,10,555435,Creekside,0,56868,46685,1,1
5,10,555436,Creekside,0,56868,46685,1,1
5,10,555437,Creekside,0,56868,46685,1,1
5,10,555438,Creekside,0,56868,46685,1,1
5,10,555439,Creekside,0,56868,46685,1,1
5,10,555440,Creekside,0,56868,46685,1,1
5,10,555441,Creekside,0,56868,46685,1,1
5,10,555442,Creekside,0,56868,46685,1,1
5,10,555443,Creekside,0,56868,46685,1,1
5,10,555444,Creekside,0,57446,46685,1,1
5,10,555445,Creekside,0,57446,46685,1,1
5,10,555446,Creekside,0,57446,46685,1,1
5,10,555447,Creekside,0,57446,46685,1,1
5,10,555448,Creekside,0,57446,46685,1,1
5,10,555449,Creekside,0,57446,46685,1,1
5,10,555450,Creekside,0,57446,46685,1,1
5,10,555451,Creekside,0,57446,46685,1,1
5,10,555452,Creekside,0,57446,46685,1,1
5,10,555453,Walnut Creek BART,1,56868,46686,1,1
5,10,555454,Walnut Creek BART,1,56868,46686,1,1
5,10,555455,Walnut Creek BART,1,56868,46686,1,1
5,10,555456,Walnut Creek BART,1,56868,46686,1,1
5,10,555457,Walnut Creek BART,1,56868,46686,1,1
5,10,555458,Walnut Creek BART,1,56868,46686,1,1
5,10,555459,Walnut Creek BART,1,56868,46686,1,1
5,10,555460,Walnut Creek BART,1,56868,46686,1,1
5,10,555461,Walnut Creek BART,1,56868,46686,1,1
5,10,555462,Walnut Creek BART,1,56868,46686,1,1
5,10,555463,Walnut Creek BART,1,57446,46686,1,1
5,10,555464,Walnut Creek BART,1,57446,46686,1,1
5,10,555465,Walnut Creek BART,1,57446,46686,1,1
5,10,555466,Walnut Creek BART,1,57446,46686,1,1
5,10,555467,Walnut Creek BART,1,57446,46686,1,1
5,10,555468,Walnut Creek BART,1,57446,46686,1,1
5,10,555469,Walnut Creek BART,1,57446,46686,1,1
5,10,555470,Walnut Creek BART,1,57446,46686,1,1
5,10,555471,Walnut Creek BART,1,57446,46686,1,1
6,10,555488,Lafayette BART St Mary's College,0,56871,46687,1,1
6,10,555472,Lafayette BART St Mary's College,0,56874,46687,1,1
6,10,555473,Lafayette BART St Mary's College,0,56869,46687,1,1
6,10,555489,Lafayette BART St Mary's College,0,56871,46687,1,1
6,10,555474,Lafayette BART St Mary's College,0,56874,46687,1,1
6,10,555492,Lafayette BART St Mary's College,0,56869,46687,1,1
6,10,555486,Lafayette BART St Mary's College,0,56871,46687,1,1
6,5,555533,Lafayette BART St Mary's College,0,56878,46687,1,1
6,4,555521,Lafayette BART St Mary's College,0,56876,46687,1,1
6,10,555475,Lafayette BART St Mary's College,0,56874,46687,1,1
6,10,555485,Lafayette BART St Mary's College,0,57447,46687,1,1
6,4,555522,Lafayette BART St Mary's College,0,56876,46687,1,1
6,5,555534,Lafayette BART St Mary's College,0,56878,46687,1,1
6,10,555476,Lafayette BART St Mary's College,0,56874,46687,1,1
6,4,555523,Lafayette BART St Mary's College,0,56876,46687,1,1
6,5,555535,Lafayette BART St Mary's College,0,56878,46687,1,1
6,10,555477,Lafayette BART St Mary's College,0,57447,46687,1,1
6,4,555524,Lafayette BART St Mary's College,0,56876,46687,1,1
6,5,555536,Lafayette BART St Mary's College,0,56878,46687,1,1
6,10,555487,Lafayette BART St Mary's College,0,57448,46687,1,1
6,10,555478,Lafayette BART St Mary's College,0,57447,46687,1,1
6,4,555525,Lafayette BART St Mary's College,0,57405,46687,1,1
6,5,555537,Lafayette BART St Mary's College,0,57390,46687,1,1
6,10,555479,Lafayette BART St Mary's College,0,57449,46687,1,1
6,10,555480,Lafayette BART St Mary's College,0,56873,46687,1,1
6,4,555526,Lafayette BART St Mary's College,0,57406,46687,1,1
6,5,555538,Lafayette BART St Mary's College,0,57391,46687,1,1
6,10,555490,Lafayette BART St Mary's College,0,57447,46687,1,1
6,10,555481,Lafayette BART St Mary's College,0,57449,46687,1,1
6,10,555482,Lafayette BART St Mary's College,0,56873,46687,1,1
6,10,555491,Lafayette BART St Mary's College,0,57447,46687,1,1
6,10,555483,Lafayette BART St Mary's College,0,57449,46687,1,1
6,10,555484,Lafayette BART St Mary's College,0,56873,46687,1,1
6,10,555493,Orinda BART St Mary's College,1,56874,46688,1,1
6,10,555494,Orinda BART St Mary's College,1,56869,46688,1,1
6,10,555509,Orinda BART St Mary's College,1,56871,46688,1,1
6,10,555495,Orinda BART St Mary's College,1,56874,46688,1,1
6,10,555496,Orinda BART St Mary's College,1,56869,46688,1,1
6,10,555510,Orinda BART St Mary's College,1,56871,46688,1,1
6,10,555497,Orinda BART St Mary's College,1,56874,46688,1,1
6,10,555514,Orinda BART Via Orinda Village,1,56871,46689,1,1
6,4,555527,Orinda BART St Mary's College,1,56876,46688,1,1
6,5,555539,Orinda BART St Mary's College,1,56878,46688,1,1
6,10,555506,Orinda BART St Mary's College,1,56871,46688,1,1
6,10,555515,Orinda BART Via Orinda Village,1,56874,46689,1,1
6,5,555540,Orinda BART St Mary's College,1,56878,46688,1,1
6,4,555528,Orinda BART St Mary's College,1,56876,46688,1,1
6,10,555498,Orinda BART St Mary's College,1,56874,46688,1,1
6,10,555516,Orinda BART Via Orinda Village,1,56871,46689,1,1
6,10,555507,Orinda BART St Mary's College,1,57447,46688,1,1
6,4,555529,Orinda BART St Mary's College,1,56876,46688,1,1
6,5,555541,Orinda BART St Mary's College,1,56878,46688,1,1
6,10,555517,Orinda BART Via Orinda Village,1,56874,46689,1,1
6,10,555499,Orinda BART St Mary's College,1,56874,46688,1,1
6,10,555518,Orinda BART Via Orinda Village,1,57447,46689,1,1
6,5,555542,Orinda BART St Mary's College,1,56878,46688,1,1
6,4,555530,Orinda BART St Mary's College,1,56876,46688,1,1
6,10,555500,Orinda BART St Mary's College,1,57447,46688,1,1
6,10,555519,Orinda BART Via Orinda Village,1,56874,46689,1,1
6,4,555531,Orinda BART St Mary's College,1,57405,46688,1,1
6,5,555543,Orinda BART St Mary's College,1,57390,46688,1,1
6,10,555508,Orinda BART St Mary's College,1,57448,46688,1,1
6,10,555520,Orinda BART Via Orinda Village,1,57447,46689,1,1
6,10,555501,Orinda BART St Mary's College,1,56873,46688,1,1
6,10,555511,Orinda BART St Mary's College,1,57447,46688,1,1
6,5,555544,Orinda BART St Mary's College,1,57391,46688,1,1
6,4,555532,Orinda BART St Mary's College,1,57406,46688,1,1
6,10,555502,Orinda BART St Mary's College,1,57449,46688,1,1
6,10,555503,Orinda BART St Mary's College,1,56873,46688,1,1
6,10,555512,Orinda BART St Mary's College,1,57447,46688,1,1
6,10,555504,Orinda BART St Mary's College,1,57449,46688,1,1
6,10,555505,Orinda BART St Mary's College,1,56873,46688,1,1
6,10,555513,Orinda BART St Mary's College,1,57447,46688,1,1
7,10,555599,Shadelands Shuttle,0,56913,46718,1,1
7,10,555600,Shadelands Shuttle,0,56914,46718,1,1
7,10,555601,Shadelands Shuttle,0,56913,46718,1,1
7,10,555602,Shadelands Shuttle,0,56914,46718,1,1
7,10,555603,Shadelands Shuttle,0,56913,46718,1,1
7,10,555604,Shadelands Shuttle,0,56914,46718,1,1
7,10,555605,Shadelands Shuttle,0,56913,46718,1,1
7,10,555606,Shadelands Shuttle,0,56914,46718,1,1
7,10,555607,Shadelands Shuttle,0,56913,46718,1,1
7,10,555608,Shadelands Shuttle,0,56914,46718,1,1
7,10,555609,Shadelands Shuttle,0,56913,46718,1,1
7,10,555610,Shadelands Shuttle,0,56911,46718,1,1
7,10,555611,Shadelands Shuttle,0,56912,46718,1,1
7,10,555612,Shadelands Shuttle,0,56911,46718,1,1
7,10,555613,Shadelands Shuttle,0,56912,46718,1,1
7,10,555614,Shadelands Shuttle,0,56911,46718,1,1
7,10,555615,Shadelands Shuttle,0,56912,46718,1,1
7,10,555616,Shadelands Shuttle,0,56911,46718,1,1
7,10,555617,Shadelands Shuttle,0,56912,46718,1,1
7,10,555618,Shadelands Shuttle,0,56911,46718,1,1
7,10,555619,Shadelands Shuttle,0,56912,46718,1,1
7,10,555620,Shadelands Shuttle,0,56911,46718,1,1
7,10,555621,Shadelands Shuttle,0,56912,46718,1,1
7,10,555622,Shadelands Shuttle,0,56911,46718,1,1
9,10,555623,WC BART Via PH BART,0,56917,46722,1,1
9,10,555624,WC BART Via PH BART,0,56918,46722,1,1
9,10,555625,WC BART Via PH BART,0,56917,46722,1,1
9,10,555626,WC BART Via PH BART,0,56918,46722,1,1
9,10,555627,WC BART Via PH BART,0,56917,46722,1,1
9,10,555628,WC BART Via PH BART,0,56918,46722,1,1
9,10,555629,WC BART Via PH BART,0,56917,46722,1,1
9,10,555630,WC BART Via PH BART,0,57451,46722,1,1
9,10,555631,WC BART Via PH BART,0,56917,46722,1,1
9,10,555632,WC BART Via PH BART,0,57451,46722,1,1
9,10,555633,WC BART Via PH BART,0,57450,46722,1,1
9,10,555634,WC BART Via PH BART,0,57451,46722,1,1
9,10,555635,WC BART Via PH BART,0,57450,46722,1,1
9,10,555636,WC BART Via PH BART,0,57451,46722,1,1
9,10,555637,WC BART Via PH BART,0,57450,46722,1,1
9,10,555638,DVC/PH BART,1,56917,46723,1,1
9,10,555639,DVC/PH BART,1,56918,46723,1,1
9,10,555640,DVC/PH BART,1,56917,46723,1,1
9,10,555641,DVC/PH BART,1,56918,46723,1,1
9,10,555642,DVC/PH BART,1,56917,46723,1,1
9,10,555643,DVC/PH BART,1,57451,46723,1,1
9,10,555644,DVC/PH BART,1,56917,46723,1,1
9,10,555645,DVC/PH BART,1,57451,46723,1,1
9,10,555646,DVC/PH BART,1,57450,46723,1,1
9,10,555647,DVC/PH BART,1,57451,46723,1,1
9,10,555648,DVC/PH BART,1,57450,46723,1,1
9,10,555649,DVC/PH BART,1,57451,46723,1,1
9,10,555650,DVC/PH BART,1,57450,46723,1,1
9,10,555651,DVC/PH BART,1,57451,46723,1,1
9,10,555652,DVC/PH BART,1,57450,46723,1,1
91X,10,555658,Airport Plaza,0,57209,46724,1,1
91X,10,555653,Airport Plaza,0,57209,46724,1,1
91X,10,555654,Airport Plaza,0,57209,46724,1,1
91X,10,555660,Airport Plaza,0,57209,46724,1,1
91X,10,559231,Airport Plaza,0,57212,46724,1,1
91X,10,559232,Airport Plaza,0,57212,46724,1,1
91X,10,559233,Airport Plaza,0,57212,46724,1,1
91X,10,559234,Airport Plaza,0,57212,46724,1,1
92X,10,555663,ACE Train,0,56921,46726,1,1
92X,10,555665,ACE Train,0,56920,46725,1,1
92X,10,555666,ACE Train,0,56909,46725,1,1
92X,10,555664,ACE Train,0,56905,46725,1,1
92X,10,555669,San Ramon,1,56921,46727,1,1
92X,10,555668,Mitchell P&R,1,56920,46728,1,1
92X,10,555670,Mitchell P&R,1,56909,46728,1,1
92X,10,555667,Mitchell P&R,1,56905,46728,1,1
93X,10,555682,WC BART,0,56926,46730,1,1
93X,10,555678,WC BART,0,56930,46730,1,1
93X,10,555681,WC BART,0,56927,46730,1,1
93X,10,555679,WC BART,0,56929,46730,1,1
93X,10,555680,WC BART,0,56928,46730,1,1
93X,10,555683,WC BART,0,56925,46730,1,1
93X,10,555675,Antioch BART,1,56922,46729,1,1
93X,10,555671,Antioch BART,1,56924,46729,1,1
93X,10,555672,Antioch BART,1,56923,46729,1,1
93X,10,555677,Antioch BART,1,56881,46729,1,1
93X,10,555674,Antioch BART,1,56901,46729,1,1
93X,10,555676,Antioch BART,1,56882,46729,1,1
93X,10,555673,Antioch BART,1,56892,46729,1,1
95X,10,555684,San Ramon,0,56926,46732,1,1
95X,10,555685,San Ramon,0,56927,46732,1,1
95X,10,555689,San Ramon,0,56926,46732,1,1
95X,10,555690,San Ramon,0,56927,46732,1,1
95X,10,555686,San Ramon,0,56926,46732,1,1
95X,10,555695,San Ramon Via Danville P&R,0,56901,46731,1,1
95X,10,555694,San Ramon Via Danville P&R,0,56923,46731,1,1
95X,10,555691,San Ramon Via Danville P&R,0,56881,46731,1,1
95X,10,555687,San Ramon Via Danville P&R,0,56901,46731,1,1
95X,10,555688,San Ramon Via Danville P&R,0,56893,46731,1,1
95X,10,555692,San Ramon Via Danville P&R,0,56892,46731,1,1
95X,10,555693,San Ramon Via Danville P&R,0,56893,46731,1,1
96X,10,555696,Bishop Ranch,0,56930,46733,1,1
96X,10,555704,Bishop Ranch,0,56929,46733,1,1
96X,10,555705,Bishop Ranch,0,56930,46733,1,1
96X,10,555697,Bishop Ranch,0,56929,46733,1,1
96X,10,555698,Bishop Ranch,0,56930,46733,1,1
96X,10,555699,Bishop Ranch,0,56929,46733,1,1
96X,10,555700,Bishop Ranch,0,56924,46733,1,1
96X,10,555701,Bishop Ranch,0,56898,46733,1,1
96X,10,555706,Bishop Ranch,0,56882,46733,1,1
96X,10,555702,Bishop Ranch,0,56898,46733,1,1
96X,10,555708,Bishop Ranch,0,56882,46733,1,1
96X,10,555707,Bishop Ranch,0,56898,46733,1,1
96X,10,555703,Bishop Ranch,0,56898,46733,1,1
97X,10,555709,Bishop Ranch,0,56931,46736,1,1
97X,10,555710,Bishop Ranch,0,56931,46736,1,1
97X,10,555711,Bishop Ranch,0,56931,46736,1,1
97X,10,555712,Bishop Ranch,0,56910,46736,1,1
97X,10,555713,Bishop Ranch,0,56910,46736,1,1
97X,10,555714,Bishop Ranch,0,56910,46736,1,1
98X,10,555715,WC BART,0,56935,46737,1,1
98X,10,555716,WC BART,0,56936,46737,1,1
98X,10,555717,WC BART,0,56935,46737,1,1
98X,10,555718,WC BART,0,56936,46737,1,1
98X,10,555719,WC BART,0,56935,46737,1,1
98X,10,555720,WC BART,0,57453,46737,1,1
98X,10,555721,WC BART,0,56935,46737,1,1
98X,10,555722,WC BART,0,57454,46737,1,1
98X,10,555723,WC BART,0,56935,46737,1,1
98X,10,555724,WC BART,0,57454,46737,1,1
98X,10,555725,WC BART,0,56935,46737,1,1
98X,10,555726,WC BART,0,57454,46737,1,1
98X,10,555727,WC BART,0,57452,46737,1,1
98X,10,555728,WC BART,0,57454,46737,1,1
98X,10,555729,WC BART,0,57452,46737,1,1
98X,10,555730,WC BART,0,57454,46737,1,1
98X,10,555731,WC BART,0,57452,46737,1,1
98X,10,555732,WC BART,0,57454,46737,1,1
98X,10,555733,Martinez Amtrak,1,56935,46738,1,1
98X,10,555734,Martinez Amtrak,1,56936,46738,1,1
98X,10,555735,Martinez Amtrak,1,56935,46738,1,1
98X,10,555736,Martinez Amtrak,1,56936,46738,1,1
98X,10,555737,Martinez Amtrak,1,56935,46738,1,1
98X,10,555738,Martinez Amtrak,1,57453,46738,1,1
98X,10,555739,Martinez Amtrak,1,56935,46738,1,1
98X,10,555740,Martinez Amtrak,1,57454,46738,1,1
98X,10,555741,Martinez Amtrak,1,56935,46738,1,1
98X,10,555742,Martinez Amtrak,1,57454,46738,1,1
98X,10,555743,Martinez Amtrak,1,56935,46738,1,1
98X,10,555744,Martinez Amtrak,1,57454,46738,1,1
98X,10,555745,Martinez Amtrak,1,57452,46738,1,1
98X,10,555746,Martinez Amtrak,1,57454,46738,1,1
98X,10,555747,Martinez Amtrak,1,57452,46738,1,1
98X,10,555748,Martinez Amtrak,1,57454,46738,1,1
98X,10,555749,Martinez Amtrak,1,57452,46738,1,1
98X,10,555750,Martinez Amtrak,1,57454,46738,1,1
99X,10,555751,Martinez Amtrak,0,56941,46741,1,1
99X,10,555752,Martinez Amtrak,0,56940,46741,1,1
99X,10,555753,Martinez Amtrak,0,56774,46741,1,1
99X,10,555754,Martinez Amtrak,0,56941,46741,1,1
99X,10,555755,,0,56940,46740,1,1
99X,10,555756,,0,56774,46739,1,1
99X,10,555757,,0,56938,46739,1,1
99X,10,555758,Martinez Amtrak,0,56938,46741,1,1
99X,10,555759,Martinez Amtrak,0,56937,46741,1,1
99X,10,555760,Martinez Amtrak,0,56939,46741,1,1
99X,10,555761,Martinez Amtrak,0,56938,46741,1,1
99X,10,555762,,0,56937,46740,1,1
99X,10,555763,N Concord BART,1,56941,46744,1,1
99X,10,555764,N Concord BART,1,56940,46744,1,1
99X,10,555765,N Concord BART,1,56774,46744,1,1
99X,10,555767,N Concord BART,1,56941,46744,1,1
99X,10,555766,N Concord BART,1,56774,46742,1,1
99X,10,555768,N Concord BART,1,56940,46744,1,1
99X,10,555769,N Concord BART,1,56938,46742,1,1
99X,10,555770,N Concord BART,1,56939,46744,1,1
99X,10,555771,N Concord BART,1,56938,46744,1,1
99X,10,555772,N Concord BART,1,56937,46744,1,1
99X,10,555773,,1,56939,46743,1,1
99X,10,555774,N Concord BART,1,56938,46744,1,1
99X,10,555775,N Concord BART,1,56937,46744,1,1
